root = 10.000200
time: 0.054095
